<?xml version="1.0" encoding="utf-8"?>
<COLLADA xmlns="http://www.collada.org/2005/11/COLLADASchema" version="1.4.1">
  <asset><contributor><author>Mixamo</author><authoring_tool>COLLADA Mixamo exporter</authoring_tool><comments></comments></contributor><created>2020-10-03T13:16:27Z</created><modified>2020-10-03T13:16:27Z</modified><revision></revision><title></title><unit meter="0.010000"/><up_axis>Y_UP</up_axis></asset>
  <library_animations>
    <animation id="mixamorig_Hips-anim" name="mixamorig_Hips"><source id="mixamorig_Hips-Matrix-animation-input"><float_array id="mixamorig_Hips-Matrix-animation-input-array" count="22">

0.000000 0.033333 0.066667 0.100000 0.133333 0.166667 0.200000 0.233333 0.266667 0.300000 0.333333 0.366667 0.400000 0.433333 0.466667 0.500000
0.533333 0.566667 0.600000 0.633333 0.666667 0.700000</float_array><technique_common><accessor source="#mixamorig_Hips-Matrix-animation-input-array" count="22"><param name="TIME" type="float"/></accessor></technique_common></source><source id="mixamorig_Hips-Matrix-animation-output-transform"><float_array id="mixamorig_Hips-Matrix-animation-output-transform-array" count="352">

0.995588 0.075989 0.055051 -0.001305 -0.070539 0.992978 -0.094966 3.116601 -0.061881 0.090664 0.993957 0.027166 0.000000 0.000000 0.000000 1.000000
0.997509 0.056474 0.042257 0.016401 -0.052291 0.994171 -0.094290 3.197443 -0.047336 0.091845 0.994648 0.091256 0.000000 0.000000 0.000000 1.000000
0.997767 0.034805 0.057005 0.028151 -0.029685 0.995650 -0.088322 3.323743 -0.059831 0.086433 0.994459 0.143149 0.000000 0.000000 0.000000 1.000000
0.995106 0.004179 0.098723 0.040264 0.004656 0.996012 -0.089094 3.427424 -0.098701 0.089118 0.991119 0.205889 0.000000 0.000000 0.000000 1.000000
0.994262 -0.000141 0.106969 0.043326 0.010176 0.995589 -0.093269 3.441634 -0.106484 0.093822 0.989878 0.263472 0.000000 0.000000 0.000000 1.000000
0.997044 0.004765 0.076689 0.052718 0.000657 0.997510 -0.070529 3.432199 -0.076835 0.070371 0.994557 0.284234 0.000000 0.000000 0.000000 1.000000
0.996591 0.000123 0.082504 0.055620 0.003997 0.998752 -0.049775 3.403033 -0.082408 0.049935 0.995347 0.293988 0.000000 0.000000 0.000000 1.000000
0.993597 -0.004023 0.112914 0.054768 0.008696 0.999124 -0.040923 3.347276 -0.112650 0.041643 0.992762 0.262833 0.000000 0.000000 0.000000 1.000000
0.993916 -0.012271 0.109453 0.041603 0.016486 0.999153 -0.037692 3.222861 -0.108898 0.039268 0.993277 0.186671 0.000000 0.000000 0.000000 1.000000
0.994941 -0.019242 0.098598 0.026859 0.024292 0.998440 -0.050278 3.131693 -0.097477 0.052419 0.993856 0.112347 0.000000 0.000000 0.000000 1.000000
0.995819 -0.020285 0.089067 0.013883 0.026104 0.997566 -0.064665 3.072788 -0.087539 0.066719 0.993924 0.052115 0.000000 0.000000 0.000000 1.000000
0.995687 0.008744 0.092359 0.011330 -0.002111 0.997427 -0.071663 3.141947 -0.092748 0.071159 0.993144 0.060502 0.000000 0.000000 0.000000 1.000000
0.997257 0.043414 0.059947 0.010856 -0.037900 0.995199 -0.090233 3.248919 -0.063576 0.087714 0.994115 0.099563 0.000000 0.000000 0.000000 1.000000
0.997288 0.073579 0.001625 0.007733 -0.072807 0.989565 -0.124336 3.345005 -0.010756 0.123880 0.992239 0.121843 0.000000 0.000000 0.000000 1.000000
0.997123 0.074940 -0.011413 0.012034 -0.075804 0.985491 -0.151857 3.395725 -0.000133 0.152285 0.988337 0.110744 0.000000 0.000000 0.000000 1.000000
0.997890 0.064201 -0.009668 0.014627 -0.064916 0.989052 -0.132523 3.383587 0.001055 0.132871 0.991133 0.130703 0.000000 0.000000 0.000000 1.000000
0.998170 0.060244 -0.005242 0.012615 -0.060437 0.990929 -0.120029 3.339180 -0.002037 0.120126 0.992757 0.130323 0.000000 0.000000 0.000000 1.000000
0.998358 0.057176 0.003466 0.008684 -0.056445 0.992275 -0.110475 3.283766 -0.009756 0.110098 0.993873 0.121786 0.000000 0.000000 0.000000 1.000000
0.998165 0.052093 0.030886 -0.000240 -0.048455 0.992896 -0.108675 3.205588 -0.036328 0.106979 0.993597 0.092792 0.000000 0.000000 0.000000 1.000000
0.995068 0.080237 0.058326 -0.011478 -0.073357 0.991018 -0.111809 3.100929 -0.066774 0.106979 0.992017 0.028174 0.000000 0.000000 0.000000 1.000000
0.990742 0.110324 0.079115 -0.016254 -0.102118 0.989613 -0.101188 3.054741 -0.089457 0.092172 0.991717 -0.000003 0.000000 0.000000 0.000000 1.000000
0.995588 0.075989 0.055051 -0.001305 -0.070539 0.992978 -0.094966 3.116601 -0.061881 0.090664 0.993957 0.027166 0.000000 0.000000 0.000000 1.000000</float_array><technique_common><accessor source="#mixamorig_Hips-Matrix-animation-output-transform-array" count="22" stride="16"><param type="float4x4"/></accessor></technique_common></source><source id="mixamorig_Hips-Interpolations"><Name_array id="mixamorig_Hips-Interpolations-array" count="22">
 LINEAR LINEAR LINEAR LINEAR LINEAR LINEAR LINEAR LINEAR LINEAR LINEAR LINEAR
LINEAR LINEAR LINEAR LINEAR LINEAR LINEAR LINEAR LINEAR LINEAR LINEAR LINEAR</Name_array><technique_common><accessor source="#mixamorig_Hips-Interpolations-array" count="22"><param type="name"/></accessor></technique_common></source><sampler id="mixamorig_Hips-Matrix-animation-transform"><input semantic="INPUT" source="#mixamorig_Hips-Matrix-animation-input"/><input semantic="OUTPUT" source="#mixamorig_Hips-Matrix-animation-output-transform"/><input semantic="INTERPOLATION" source="#mixamorig_Hips-Interpolations"/></sampler><channel source="#mixamorig_Hips-Matrix-animation-transform" target="mixamorig_Hips/matrix"/></animation>
    <animation id="mixamorig_Spine-anim" name="mixamorig_Spine"><source id="mixamorig_Spine-Matrix-animation-input"><float_array id="mixamorig_Spine-Matrix-animation-input-array" count="22">

0.000000 0.033333 0.066667 0.100000 0.133333 0.166667 0.200000 0.233333 0.266667 0.300000 0.333333 0.366667 0.400000 0.433333 0.466667 0.500000
0.533333 0.566667 0.600000 0.633333 0.666667 0.700000</float_array><technique_common><accessor source="#mixamorig_Spine-Matrix-animation-input-array" count="22"><param name="TIME" type="float"/></accessor></technique_common></source><source id="mixamorig_Spine-Matrix-animation-output-transform"><float_array id="mixamorig_Spine-Matrix-animation-output-transform-array" count="352">

0.998623 -0.049227 0.018154 0.000000 0.049633 0.998510 -0.022688 0.299700 -0.017010 0.023558 0.999578 -0.018900 0.000000 0.000000 0.000000 1.000000
0.998230 -0.042070 0.042038 0.000000 0.042730 0.998975 -0.014924 0.299700 -0.041368 0.016694 0.999005 -0.018900 0.000000 0.000000 0.000000 1.000000
0.997745 -0.026811 0.061530 0.000000 0.027279 0.999605 -0.006781 0.299700 -0.061323 0.008444 0.998082 -0.018900 0.000000 0.000000 0.000000 1.000000
0.997580 -0.005293 0.069324 0.000000 0.005065 0.999981 0.003471 0.299700 -0.069341 -0.003111 0.997588 -0.018900 0.000000 0.000000 0.000000 1.000000
0.997198 0.005367 0.074617 0.000000 -0.006377 0.999891 0.013310 0.299700 -0.074538 -0.013748 0.997123 -0.018900 0.000000 0.000000 0.000000 1.000000
0.997149 0.008862 0.074933 0.000000 -0.009734 0.999889 0.011281 0.299700 -0.074825 -0.011978 0.997125 -0.018900 0.000000 0.000000 0.000000 1.000000
0.997342 0.013753 0.071557 -0.000000 -0.014105 0.999891 0.004417 0.299700 -0.071489 -0.005415 0.997427 -0.018900 0.000000 0.000000 0.000000 1.000000
0.997693 0.016555 0.065845 0.000000 -0.016265 0.999856 -0.004936 0.299700 -0.065917 0.003853 0.997818 -0.018900 0.000000 0.000000 0.000000 1.000000
0.997888 0.023755 0.060450 -0.000000 -0.022759 0.999595 -0.017113 0.299700 -0.060832 0.015701 0.998024 -0.018900 0.000000 0.000000 0.000000 1.000000
0.998881 0.031945 0.034869 0.000000 -0.031070 0.999195 -0.025361 0.299700 -0.035651 0.024249 0.999070 -0.018900 0.000000 0.000000 0.000000 1.000000
0.999300 0.037093 0.004772 0.000000 -0.036926 0.998830 -0.031228 0.299700 -0.005925 0.031030 0.999501 -0.018900 0.000000 0.000000 0.000000 1.000000
0.999242 0.027844 -0.027204 -0.000000 -0.028702 0.999086 -0.031685 0.299700 0.026297 0.032442 0.999128 -0.018900 0.000000 0.000000 0.000000 1.000000
0.998669 0.005731 -0.051250 0.000000 -0.006947 0.999698 -0.023585 0.299700 0.051099 0.023910 0.998407 -0.018900 0.000000 0.000000 0.000000 1.000000
0.997436 -0.017230 -0.069458 0.000000 0.016291 0.999768 -0.014069 0.299700 0.069684 0.012902 0.997486 -0.018900 0.000000 0.000000 0.000000 1.000000
0.996342 -0.031897 -0.079281 0.000000 0.031267 0.999469 -0.009171 0.299700 0.079531 0.006659 0.996810 -0.018900 0.000000 0.000000 0.000000 1.000000
0.996165 -0.036497 -0.079514 0.000000 0.035371 0.999254 -0.015531 0.299700 0.080021 0.012659 0.996713 -0.018900 0.000000 0.000000 0.000000 1.000000
0.996439 -0.039157 -0.074676 0.000000 0.037854 0.999107 -0.018780 0.299700 0.075345 0.015886 0.997031 -0.018900 0.000000 0.000000 0.000000 1.000000
0.996768 -0.041263 -0.068927 0.000000 0.039871 0.998975 -0.021444 0.299700 0.069741 0.018627 0.997391 -0.018900 0.000000 0.000000 0.000000 1.000000
0.997056 -0.042658 -0.063708 0.000000 0.041175 0.998854 -0.024409 0.299700 0.064677 0.021714 0.997670 -0.018900 0.000000 0.000000 0.000000 1.000000
0.997534 -0.054067 -0.044751 -0.000000 0.052787 0.998176 -0.029305 0.299700 0.046254 0.026870 0.998568 -0.018900 0.000000 0.000000 0.000000 1.000000
0.997577 -0.066468 -0.020538 0.000000 0.065832 0.997373 -0.030221 0.299700 0.022493 0.028796 0.999332 -0.018900 0.000000 0.000000 0.000000 1.000000
0.998623 -0.049227 0.018154 0.000000 0.049633 0.998510 -0.022688 0.299700 -0.017010 0.023558 0.999578 -0.018900 0.000000 0.000000 0.000000 1.000000</float_array><technique_common><accessor source="#mixamorig_Spine-Matrix-animation-output-transform-array" count="22" stride="16"><param type="float4x4"/></accessor></technique_common></source><source id="mixamorig_Spine-Interpolations"><Name_array id="mixamorig_Spine-Interpolations-array" count="22">
 LINEAR LINEAR LINEAR LINEAR LINEAR LINEAR LINEAR LINEAR LINEAR LINEAR LINEAR
LINEAR LINEAR LINEAR LINEAR LINEAR LINEAR LINEAR LINEAR LINEAR LINEAR LINEAR</Name_array><technique_common><accessor source="#mixamorig_Spine-Interpolations-array" count="22"><param type="name"/></accessor></technique_common></source><sampler id="mixamorig_Spine-Matrix-animation-transform"><input semantic="INPUT" source="#mixamorig_Spine-Matrix-animation-input"/><input semantic="OUTPUT" source="#mixamorig_Spine-Matrix-animation-output-transform"/><input semantic="INTERPOLATION" source="#mixamorig_Spine-Interpolations"/></sampler><channel source="#mixamorig_Spine-Matrix-animation-transform" target="mixamorig_Spine/matrix"/></animation>
    <animation id="mixamorig_Spine1-anim" name="mixamorig_Spine1"><source id="mixamorig_Spine1-Matrix-animation-input"><float_array id="mixamorig_Spine1-Matrix-animation-input-array" count="22">

0.000000 0.033333 0.066667 0.100000 0.133333 0.166667 0.200000 0.233333 0.266667 0.300000 0.333333 0.366667 0.400000 0.433333 0.466667 0.500000
0.533333 0.566667 0.600000 0.633333 0.666667 0.700000</float_array><technique_common><accessor source="#mixamorig_Spine1-Matrix-animation-input-array" count="22"><param name="TIME" type="float"/></accessor></technique_common></source><source id="mixamorig_Spine1-Matrix-animation-output-transform"><float_array id="mixamorig_Spine1-Matrix-animation-output-transform-array" count="352">

0.998355 -0.033028 0.046871 0.000000 0.040594 0.984441 -0.170963 0.350300 -0.040495 0.172585 0.984162 -0.000000 0.000000 0.000000 0.000000 1.000000
0.995990 -0.018953 0.087439 -0.000000 0.032537 0.987116 -0.156661 0.350300 -0.083344 0.158878 0.983774 0.000000 0.000000 0.000000 0.000000 1.000000
0.992362 -0.004402 0.123279 -0.000000 0.021862 0.989820 -0.140638 0.350300 -0.121405 0.142259 0.982356 0.000000 0.000000 0.000000 0.000000 1.000000
0.989283 0.013515 0.145382 0.000000 0.003992 0.992831 -0.119457 0.350300 -0.145954 0.118757 0.982137 0.000000 0.000000 0.000000 0.000000 1.000000
0.986450 0.025426 0.162079 0.000000 -0.009247 0.994964 -0.099809 0.350300 -0.163801 0.096958 0.981717 -0.000000 0.000000 0.000000 0.000000 1.000000
0.985806 0.026564 0.165771 0.000000 -0.009415 0.994596 -0.103391 0.350300 -0.167621 0.100363 0.980730 0.000000 0.000000 0.000000 0.000000 1.000000
0.987959 0.027680 0.152218 -0.000000 -0.009887 0.993150 -0.116427 0.350300 -0.154398 0.113520 0.981465 -0.000000 0.000000 0.000000 0.000000 1.000000
0.990749 0.029292 0.132505 0.000000 -0.011260 0.990803 -0.134841 0.350300 -0.135237 0.132102 0.981967 0.000000 0.000000 0.000000 0.000000 1.000000
0.993339 0.036632 0.109254 -0.000000 -0.018931 0.987119 -0.158861 0.350300 -0.113666 0.155735 0.981237 0.000000 0.000000 0.000000 0.000000 1.000000
0.997838 0.034927 0.055672 0.000000 -0.024681 0.984238 -0.175120 0.350300 -0.060911 0.173367 0.982972 -0.000000 0.000000 0.000000 0.000000 1.000000
0.999645 0.026413 -0.003372 0.000000 -0.026577 0.981969 -0.187164 0.350300 -0.001632 0.187188 0.982323 0.000000 0.000000 0.000000 0.000000 1.000000
0.998241 0.000067 -0.059287 0.000000 -0.011317 0.981827 -0.189438 0.350300 0.058197 0.189776 0.980101 0.000000 0.000000 0.000000 0.000000 1.000000
0.994546 -0.032591 -0.099081 -0.000000 0.014886 0.984557 -0.174431 0.350300 0.103236 0.172004 0.979672 0.000000 0.000000 0.000000 0.000000 1.000000
0.989479 -0.054239 -0.134122 0.000000 0.033082 0.987326 -0.155216 0.350300 0.140841 0.149146 0.978733 0.000000 0.000000 0.000000 0.000000 1.000000
0.985021 -0.068297 -0.158334 0.000000 0.045226 0.988400 -0.144986 0.350300 0.166399 0.135653 0.976683 0.000000 0.000000 0.000000 0.000000 1.000000
0.983948 -0.070023 -0.164144 0.000000 0.044046 0.986637 -0.156867 0.350300 0.172934 0.147119 0.973884 0.000000 0.000000 0.000000 0.000000 1.000000
0.985737 -0.070519 -0.152807 -0.000000 0.045249 0.985596 -0.162951 0.350300 0.162097 0.153712 0.974729 0.000000 0.000000 0.000000 0.000000 1.000000
0.988146 -0.070258 -0.136494 0.000000 0.046811 0.984682 -0.167958 0.350300 0.146204 0.159578 0.976299 0.000000 0.000000 0.000000 0.000000 1.000000
0.991318 -0.068009 -0.112532 0.000000 0.047784 0.983666 -0.173543 0.350300 0.122496 0.166659 0.978376 0.000000 0.000000 0.000000 0.000000 1.000000
0.995337 -0.069487 -0.066897 -0.000000 0.056259 0.981588 -0.182538 0.350300 0.078350 0.177924 0.980920 -0.000000 0.000000 0.000000 0.000000 1.000000
0.997375 -0.069378 -0.020718 0.000000 0.064393 0.980754 -0.184325 0.350300 0.033107 0.182507 0.982647 0.000000 0.000000 0.000000 0.000000 1.000000
0.998355 -0.033028 0.046871 0.000000 0.040594 0.984441 -0.170963 0.350300 -0.040495 0.172585 0.984162 -0.000000 0.000000 0.000000 0.000000 1.000000</float_array><technique_common><accessor source="#mixamorig_Spine1-Matrix-animation-output-transform-array" count="22" stride="16"><param type="float4x4"/></accessor></technique_common></source><source id="mixamorig_Spine1-Interpolations"><Name_array id="mixamorig_Spine1-Interpolations-array" count="22">
 LINEAR LINEAR LINEAR LINEAR LINEAR LINEAR LINEAR LINEAR LINEAR LINEAR LINEAR
LINEAR LINEAR LINEAR LINEAR LINEAR LINEAR LINEAR LINEAR LINEAR LINEAR LINEAR</Name_array><technique_common><accessor source="#mixamorig_Spine1-Interpolations-array" count="22"><param type="name"/></accessor></technique_common></source><sampler id="mixamorig_Spine1-Matrix-animation-transform"><input semantic="INPUT" source="#mixamorig_Spine1-Matrix-animation-input"/><input semantic="OUTPUT" source="#mixamorig_Spine1-Matrix-animation-output-transform"/><input semantic="INTERPOLATION" source="#mixamorig_Spine1-Interpolations"/></sampler><channel source="#mixamorig_Spine1-Matrix-animation-transform" target="mixamorig_Spine1/matrix"/></animation>
    <animation id="mixamorig_Spine2-anim" name="mixamorig_Spine2"><source id="mixamorig_Spine2-Matrix-animation-input"><float_array id="mixamorig_Spine2-Matrix-animation-input-array" count="22">

0.000000 0.033333 0.066667 0.100000 0.133333 0.166667 0.200000 0.233333 0.266667 0.300000 0.333333 0.366667 0.400000 0.433333 0.466667 0.500000
0.533333 0.566667 0.600000 0.633333 0.666667 0.700000</float_array><technique_common><accessor source="#mixamorig_Spine2-Matrix-animation-input-array" count="22"><param name="TIME" type="float"/></accessor></technique_common></source><source id="mixamorig_Spine2-Matrix-animation-output-transform"><float_array id="mixamorig_Spine2-Matrix-animation-output-transform-array" count="352">

0.998355 -0.033028 0.046871 0.000000 0.040594 0.984441 -0.170964 0.400300 -0.040495 0.172585 0.984162 -0.000000 0.000000 0.000000 0.000000 1.000000
0.995990 -0.018953 0.087439 0.000000 0.032537 0.987116 -0.156661 0.400300 -0.083344 0.158877 0.983774 0.000000 0.000000 0.000000 0.000000 1.000000
0.992362 -0.004402 0.123279 0.000000 0.021862 0.989820 -0.140638 0.400300 -0.121405 0.142259 0.982356 0.000000 0.000000 0.000000 0.000000 1.000000
0.989283 0.013515 0.145382 0.000000 0.003992 0.992831 -0.119457 0.400300 -0.145954 0.118757 0.982137 0.000000 0.000000 0.000000 0.000000 1.000000
0.986450 0.025426 0.162079 0.000000 -0.009247 0.994964 -0.099809 0.400300 -0.163801 0.096958 0.981717 0.000000 0.000000 0.000000 0.000000 1.000000
0.985806 0.026564 0.165771 0.000000 -0.009415 0.994596 -0.103391 0.400300 -0.167622 0.100363 0.980729 -0.000000 0.000000 0.000000 0.000000 1.000000
0.987959 0.027680 0.152218 0.000000 -0.009887 0.993150 -0.116427 0.400300 -0.154398 0.113521 0.981465 0.000000 0.000000 0.000000 0.000000 1.000000
0.990749 0.029292 0.132505 -0.000000 -0.011260 0.990803 -0.134841 0.400300 -0.135237 0.132102 0.981968 0.000000 0.000000 0.000000 0.000000 1.000000
0.993339 0.036632 0.109254 0.000000 -0.018931 0.987119 -0.158861 0.400300 -0.113666 0.155735 0.981237 0.000000 0.000000 0.000000 0.000000 1.000000
0.997838 0.034927 0.055672 0.000000 -0.024681 0.984238 -0.175120 0.400300 -0.060911 0.173367 0.982972 0.000000 0.000000 0.000000 0.000000 1.000000
0.999645 0.026413 -0.003372 0.000000 -0.026577 0.981969 -0.187164 0.400300 -0.001632 0.187188 0.982323 0.000000 0.000000 0.000000 0.000000 1.000000
0.998241 0.000067 -0.059287 0.000000 -0.011317 0.981827 -0.189438 0.400300 0.058197 0.189776 0.980101 -0.000000 0.000000 0.000000 0.000000 1.000000
0.994546 -0.032591 -0.099081 -0.000000 0.014886 0.984557 -0.174431 0.400300 0.103236 0.172004 0.979672 -0.000000 0.000000 0.000000 0.000000 1.000000
0.989479 -0.054239 -0.134122 0.000000 0.033082 0.987326 -0.155216 0.400300 0.140841 0.149146 0.978734 0.000000 0.000000 0.000000 0.000000 1.000000
0.985021 -0.068297 -0.158334 0.000000 0.045226 0.988400 -0.144986 0.400300 0.166399 0.135653 0.976683 -0.000000 0.000000 0.000000 0.000000 1.000000
0.983948 -0.070023 -0.164144 -0.000000 0.044046 0.986637 -0.156867 0.400300 0.172935 0.147119 0.973884 -0.000000 0.000000 0.000000 0.000000 1.000000
0.985737 -0.070519 -0.152807 0.000000 0.045249 0.985596 -0.162951 0.400300 0.162097 0.153713 0.974729 -0.000000 0.000000 0.000000 0.000000 1.000000
0.988146 -0.070258 -0.136494 0.000000 0.046811 0.984682 -0.167958 0.400300 0.146204 0.159578 0.976299 0.000000 0.000000 0.000000 0.000000 1.000000
0.991318 -0.068009 -0.112532 0.000000 0.047784 0.983666 -0.173543 0.400300 0.122496 0.166659 0.978376 0.000000 0.000000 0.000000 0.000000 1.000000
0.995337 -0.069487 -0.066897 0.000000 0.056259 0.981588 -0.182538 0.400300 0.078350 0.177924 0.980920 0.000000 0.000000 0.000000 0.000000 1.000000
0.997375 -0.069378 -0.020718 0.000000 0.064393 0.980754 -0.184325 0.400300 0.033107 0.182507 0.982647 0.000000 0.000000 0.000000 0.000000 1.000000
0.998355 -0.033028 0.046871 0.000000 0.040594 0.984441 -0.170964 0.400300 -0.040495 0.172585 0.984162 -0.000000 0.000000 0.000000 0.000000 1.000000</float_array><technique_common><accessor source="#mixamorig_Spine2-Matrix-animation-output-transform-array" count="22" stride="16"><param type="float4x4"/></accessor></technique_common></source><source id="mixamorig_Spine2-Interpolations"><Name_array id="mixamorig_Spine2-Interpolations-array" count="22">
 LINEAR LINEAR LINEAR LINEAR LINEAR LINEAR LINEAR LINEAR LINEAR LINEAR LINEAR
LINEAR LINEAR LINEAR LINEAR LINEAR LINEAR LINEAR LINEAR LINEAR LINEAR LINEAR</Name_array><technique_common><accessor source="#mixamorig_Spine2-Interpolations-array" count="22"><param type="name"/></accessor></technique_common></source><sampler id="mixamorig_Spine2-Matrix-animation-transform"><input semantic="INPUT" source="#mixamorig_Spine2-Matrix-animation-input"/><input semantic="OUTPUT" source="#mixamorig_Spine2-Matrix-animation-output-transform"/><input semantic="INTERPOLATION" source="#mixamorig_Spine2-Interpolations"/></sampler><channel source="#mixamorig_Spine2-Matrix-animation-transform" target="mixamorig_Spine2/matrix"/></animation>
    <animation id="mixamorig_Neck-anim" name="mixamorig_Neck"><source id="mixamorig_Neck-Matrix-animation-input"><float_array id="mixamorig_Neck-Matrix-animation-input-array" count="22">

0.000000 0.033333 0.066667 0.100000 0.133333 0.166667 0.200000 0.233333 0.266667 0.300000 0.333333 0.366667 0.400000 0.433333 0.466667 0.500000
0.533333 0.566667 0.600000 0.633333 0.666667 0.700000</float_array><technique_common><accessor source="#mixamorig_Neck-Matrix-animation-input-array" count="22"><param name="TIME" type="float"/></accessor></technique_common></source><source id="mixamorig_Neck-Matrix-animation-output-transform"><float_array id="mixamorig_Neck-Matrix-animation-output-transform-array" count="352">

0.998465 0.007577 -0.054863 0.000000 -0.003847 0.997693 0.067780 0.450400 0.055250 -0.067465 0.996191 0.000000 0.000000 0.000000 0.000000 1.000000
0.996896 0.019106 -0.076371 -0.000000 -0.013732 0.997433 0.070279 0.450400 0.077518 -0.069012 0.994600 0.000000 0.000000 0.000000 0.000000 1.000000
0.994094 0.009508 -0.108101 0.000000 -0.003839 0.998612 0.052533 0.450400 0.108451 -0.051807 0.992751 0.000000 0.000000 0.000000 0.000000 1.000000
0.991785 0.010401 -0.127490 0.000000 -0.006066 0.999392 0.034347 0.450400 0.127769 -0.033292 0.991245 0.000000 0.000000 0.000000 0.000000 1.000000
0.989549 -0.007671 -0.143994 0.000000 0.006253 0.999927 -0.010299 0.450400 0.144063 0.009291 0.989525 0.000000 0.000000 0.000000 0.000000 1.000000
0.989677 -0.025513 -0.141026 -0.000000 0.020142 0.999021 -0.039379 0.450400 0.141892 0.036132 0.989222 0.000000 0.000000 0.000000 0.000000 1.000000
0.991887 -0.007040 -0.126924 0.000000 0.003392 0.999576 -0.028931 0.450400 0.127074 0.028266 0.991490 0.000000 0.000000 0.000000 0.000000 1.000000
0.992798 -0.005584 -0.119669 0.000000 0.003469 0.999834 -0.017871 0.450400 0.119749 0.017327 0.992653 0.000000 0.000000 0.000000 0.000000 1.000000
0.993754 -0.023328 -0.109128 0.000000 0.025554 0.999492 0.019050 0.450400 0.108629 -0.021719 0.993845 0.000000 0.000000 0.000000 0.000000 1.000000
0.997039 -0.017377 -0.074911 -0.000000 0.020152 0.999132 0.036447 0.450400 0.074213 -0.037849 0.996524 0.000000 0.000000 0.000000 0.000000 1.000000
0.999161 -0.012875 -0.038886 -0.000000 0.014881 0.998549 0.051744 0.450400 0.038163 -0.052280 0.997903 -0.000000 0.000000 0.000000 0.000000 1.000000
0.999112 -0.036681 -0.020743 0.000000 0.038244 0.995997 0.080797 0.450400 0.017697 -0.081519 0.996515 -0.000000 0.000000 0.000000 0.000000 1.000000
0.999287 0.021230 0.031229 -0.000000 -0.023274 0.997506 0.066630 0.450400 -0.029737 -0.067310 0.997289 0.000000 0.000000 0.000000 0.000000 1.000000
0.997906 0.004524 0.064527 0.000000 -0.010474 0.995688 0.092177 0.450400 -0.063832 -0.092659 0.993650 0.000000 0.000000 0.000000 0.000000 1.000000
0.996213 0.005410 0.086781 0.000000 -0.014934 0.993877 0.109477 0.450400 -0.085658 -0.110358 0.990194 -0.000000 0.000000 0.000000 0.000000 1.000000
0.995232 0.013044 0.096661 0.000000 -0.024408 0.992792 0.117340 0.450400 -0.094434 -0.119140 0.988376 -0.000000 0.000000 0.000000 0.000000 1.000000
0.995683 0.021029 0.090401 -0.000000 -0.030090 0.994526 0.100063 0.450400 -0.087802 -0.102351 0.990866 0.000000 0.000000 0.000000 0.000000 1.000000
0.996209 0.031453 0.081110 0.000000 -0.038185 0.995831 0.082836 0.450400 -0.078167 -0.085619 0.993257 0.000000 0.000000 0.000000 0.000000 1.000000
0.995684 0.055416 0.074446 0.000000 -0.062117 0.993917 0.090940 0.450400 -0.068954 -0.095172 0.993070 0.000000 0.000000 0.000000 0.000000 1.000000
0.998210 0.047049 0.036931 0.000000 -0.050535 0.993705 0.099983 0.450400 -0.031995 -0.101670 0.994304 -0.000000 0.000000 0.000000 0.000000 1.000000
0.999081 0.042798 -0.002178 0.000000 -0.042415 0.994838 0.092190 0.450400 0.006112 -0.092013 0.995739 -0.000000 0.000000 0.000000 0.000000 1.000000
0.998465 0.007577 -0.054863 0.000000 -0.003847 0.997693 0.067780 0.450400 0.055250 -0.067465 0.996191 0.000000 0.000000 0.000000 0.000000 1.000000</float_array><technique_common><accessor source="#mixamorig_Neck-Matrix-animation-output-transform-array" count="22" stride="16"><param type="float4x4"/></accessor></technique_common></source><source id="mixamorig_Neck-Interpolations"><Name_array id="mixamorig_Neck-Interpolations-array" count="22">
 LINEAR LINEAR LINEAR LINEAR LINEAR LINEAR LINEAR LINEAR LINEAR LINEAR LINEAR
LINEAR LINEAR LINEAR LINEAR LINEAR LINEAR LINEAR LINEAR LINEAR LINEAR LINEAR</Name_array><technique_common><accessor source="#mixamorig_Neck-Interpolations-array" count="22"><param type="name"/></accessor></technique_common></source><sampler id="mixamorig_Neck-Matrix-animation-transform"><input semantic="INPUT" source="#mixamorig_Neck-Matrix-animation-input"/><input semantic="OUTPUT" source="#mixamorig_Neck-Matrix-animation-output-transform"/><input semantic="INTERPOLATION" source="#mixamorig_Neck-Interpolations"/></sampler><channel source="#mixamorig_Neck-Matrix-animation-transform" target="mixamorig_Neck/matrix"/></animation>
    <animation id="mixamorig_Head-anim" name="mixamorig_Head"><source id="mixamorig_Head-Matrix-animation-input"><float_array id="mixamorig_Head-Matrix-animation-input-array" count="22">

0.000000 0.033333 0.066667 0.100000 0.133333 0.166667 0.200000 0.233333 0.266667 0.300000 0.333333 0.366667 0.400000 0.433333 0.466667 0.500000
0.533333 0.566667 0.600000 0.633333 0.666667 0.700000</float_array><technique_common><accessor source="#mixamorig_Head-Matrix-animation-input-array" count="22"><param name="TIME" type="float"/></accessor></technique_common></source><source id="mixamorig_Head-Matrix-animation-output-transform"><float_array id="mixamorig_Head-Matrix-animation-output-transform-array" count="352">

0.987594 0.090815 -0.128108 0.000000 -0.057729 0.968649 0.241632 0.264100 0.146036 -0.231239 0.961874 0.089600 0.000000 0.000000 0.000000 1.000000
0.975794 0.083797 -0.201999 0.000000 -0.042689 0.978893 0.199864 0.264100 0.214483 -0.186403 0.958776 0.089600 0.000000 0.000000 0.000000 1.000000
0.957954 0.084562 -0.274178 0.000000 -0.037339 0.984198 0.173088 0.264100 0.284483 -0.155573 0.945974 0.089600 0.000000 0.000000 0.000000 1.000000
0.940384 0.052648 -0.336014 0.000000 -0.015807 0.993644 0.111451 0.264100 0.339746 -0.099496 0.935240 0.089600 0.000000 0.000000 0.000000 1.000000
0.931204 0.051046 -0.360907 0.000000 -0.014226 0.994480 0.103953 0.264100 0.364222 -0.091667 0.926790 0.089600 0.000000 0.000000 0.000000 1.000000
0.942001 0.065988 -0.329058 0.000000 -0.028125 0.992552 0.118530 0.264100 0.334428 -0.102401 0.936841 0.089600 0.000000 0.000000 0.000000 1.000000
0.944878 0.027019 -0.326307 -0.000000 0.003490 0.995702 0.092554 0.264100 0.327405 -0.088591 0.940722 0.089600 0.000000 0.000000 0.000000 1.000000
0.945484 -0.009167 -0.325539 0.000000 0.043517 0.994196 0.098393 0.264100 0.322748 -0.107196 0.940395 0.089600 0.000000 0.000000 0.000000 1.000000
0.956296 -0.033052 -0.290527 0.000000 0.074930 0.988114 0.134228 0.264100 0.282637 -0.150130 0.947405 0.089600 0.000000 0.000000 0.000000 1.000000
0.972597 -0.059348 -0.224793 0.000000 0.105202 0.974566 0.197874 0.264100 0.207332 -0.216100 0.954104 0.089600 0.000000 0.000000 0.000000 1.000000
0.984650 -0.083840 -0.153088 0.000000 0.121702 0.958489 0.257850 0.264100 0.125115 -0.272523 0.953980 0.089600 0.000000 0.000000 0.000000 1.000000
0.996402 -0.054169 -0.065186 0.000000 0.069100 0.964549 0.254696 0.264100 0.049078 -0.258283 0.964822 0.089600 0.000000 0.000000 0.000000 1.000000
0.998550 -0.053496 0.005989 0.000000 0.050330 0.967300 0.248591 0.264100 -0.019092 -0.247929 0.968590 0.089600 0.000000 0.000000 0.000000 1.000000
0.991852 -0.027532 0.124383 -0.000000 0.005423 0.984607 0.174701 0.264100 -0.127278 -0.172603 0.976733 0.089600 0.000000 0.000000 0.000000 1.000000
0.982253 -0.006468 0.187448 0.000000 -0.024852 0.986105 0.164251 0.264100 -0.185906 -0.165995 0.968444 0.089600 0.000000 0.000000 0.000000 1.000000
0.978103 -0.001826 0.208116 -0.000000 -0.036766 0.982719 0.181417 0.264100 -0.204851 -0.185096 0.961133 0.089600 0.000000 0.000000 0.000000 1.000000
0.979820 0.026920 0.198062 -0.000000 -0.065781 0.979120 0.192344 0.264100 -0.188749 -0.201491 0.961132 0.089600 0.000000 0.000000 0.000000 1.000000
0.982984 0.052703 0.175966 0.000000 -0.088757 0.974980 0.203804 0.264100 -0.160822 -0.215955 0.963068 0.089600 0.000000 0.000000 0.000000 1.000000
0.992033 0.037551 0.120252 0.000000 -0.063202 0.974074 0.217224 0.264100 -0.108977 -0.223094 0.968686 0.089600 0.000000 0.000000 0.000000 1.000000
0.996762 0.064214 0.048392 -0.000000 -0.074679 0.962409 0.261135 0.264100 -0.029804 -0.263903 0.964089 0.089600 0.000000 0.000000 0.000000 1.000000
0.996117 0.077053 -0.042592 -0.000000 -0.063277 0.962947 0.262160 0.264100 0.061214 -0.258447 0.964084 0.089600 0.000000 0.000000 0.000000 1.000000
0.987594 0.090815 -0.128108 0.000000 -0.057729 0.968649 0.241632 0.264100 0.146036 -0.231239 0.961874 0.089600 0.000000 0.000000 0.000000 1.000000</float_array><technique_common><accessor source="#mixamorig_Head-Matrix-animation-output-transform-array" count="22" stride="16"><param type="float4x4"/></accessor></technique_common></source><source id="mixamorig_Head-Interpolations"><Name_array id="mixamorig_Head-Interpolations-array" count="22">
 LINEAR LINEAR LINEAR LINEAR LINEAR LINEAR LINEAR LINEAR LINEAR LINEAR LINEAR
LINEAR LINEAR LINEAR LINEAR LINEAR LINEAR LINEAR LINEAR LINEAR LINEAR LINEAR</Name_array><technique_common><accessor source="#mixamorig_Head-Interpolations-array" count="22"><param type="name"/></accessor></technique_common></source><sampler id="mixamorig_Head-Matrix-animation-transform"><input semantic="INPUT" source="#mixamorig_Head-Matrix-animation-input"/><input semantic="OUTPUT" source="#mixamorig_Head-Matrix-animation-output-transform"/><input semantic="INTERPOLATION" source="#mixamorig_Head-Interpolations"/></sampler><channel source="#mixamorig_Head-Matrix-animation-transform" target="mixamorig_Head/matrix"/></animation>
    <animation id="mixamorig_LeftShoulder-anim" name="mixamorig_LeftShoulder"><source id="mixamorig_LeftShoulder-Matrix-animation-input"><float_array id="mixamorig_LeftShoulder-Matrix-animation-input-array" count="22">

0.000000 0.033333 0.066667 0.100000 0.133333 0.166667 0.200000 0.233333 0.266667 0.300000 0.333333 0.366667 0.400000 0.433333 0.466667 0.500000
0.533333 0.566667 0.600000 0.633333 0.666667 0.700000</float_array><technique_common><accessor source="#mixamorig_LeftShoulder-Matrix-animation-input-array" count="22"><param name="TIME" type="float"/></accessor></technique_common></source><source id="mixamorig_LeftShoulder-Matrix-animation-output-transform"><float_array id="mixamorig_LeftShoulder-Matrix-animation-output-transform-array" count="352">

-0.004280 0.918486 -0.395430 0.203000 0.019722 -0.395279 -0.918349 0.370400 -0.999796 -0.011729 -0.016423 -0.004800 0.000000 0.000000 0.000000 1.000000
-0.018817 0.922377 -0.385832 0.203000 0.020511 -0.385463 -0.922495 0.370400 -0.999613 -0.025273 -0.011666 -0.004800 0.000000 0.000000 0.000000 1.000000
-0.035440 0.926998 -0.373388 0.203000 0.021086 -0.372846 -0.927654 0.370400 -0.999149 -0.040749 -0.006333 -0.004800 0.000000 0.000000 0.000000 1.000000
-0.051636 0.931245 -0.360716 0.203000 0.021172 -0.360096 -0.932675 0.370400 -0.998442 -0.055797 -0.001123 -0.004800 0.000000 0.000000 0.000000 1.000000
-0.063468 0.933766 -0.352210 0.203000 0.020864 -0.351603 -0.935917 0.370400 -0.997766 -0.066749 0.002834 -0.004800 0.000000 0.000000 0.000000 1.000000
-0.065879 0.933111 -0.353502 0.203000 0.020654 -0.352921 -0.935425 0.370400 -0.997614 -0.068926 0.003977 -0.004800 0.000000 0.000000 0.000000 1.000000
-0.055058 0.928482 -0.367273 0.203000 0.020772 -0.366686 -0.930113 0.370400 -0.998267 -0.058840 0.000903 -0.004800 0.000000 0.000000 0.000000 1.000000
-0.030917 0.920482 -0.389561 0.203000 0.020535 -0.389080 -0.920975 0.370400 -0.999311 -0.036474 -0.006873 -0.004800 0.000000 0.000000 0.000000 1.000000
0.002149 0.911641 -0.410981 0.203000 0.019202 -0.410944 -0.911458 0.370400 -0.999813 -0.005933 -0.018388 -0.004800 0.000000 0.000000 0.000000 1.000000
0.035154 0.906837 -0.420014 0.203000 0.017591 -0.420770 -0.906997 0.370400 -0.999227 0.024496 -0.030744 -0.004800 0.000000 0.000000 0.000000 1.000000
0.065362 0.903139 -0.424343 0.203000 0.016223 -0.426158 -0.904503 0.370400 -0.997730 0.052236 -0.042506 -0.004800 0.000000 0.000000 0.000000 1.000000
0.081835 0.903831 -0.419992 0.203000 0.016256 -0.422560 -0.906189 0.370400 -0.996513 0.067331 -0.049273 -0.004800 0.000000 0.000000 0.000000 1.000000
0.085057 0.904995 -0.416833 0.203000 0.016649 -0.419582 -0.907565 0.370400 -0.996237 0.070255 -0.050756 -0.004800 0.000000 0.000000 0.000000 1.000000
0.079903 0.905090 -0.417645 0.203000 0.016771 -0.420146 -0.907301 0.370400 -0.996662 0.065492 -0.048750 -0.004800 0.000000 0.000000 0.000000 1.000000
0.074206 0.904016 -0.421008 0.203000 0.016596 -0.423233 -0.905869 0.370400 -0.997105 0.060233 -0.046409 -0.004800 0.000000 0.000000 0.000000 1.000000
0.072883 0.902384 -0.424724 0.203000 0.016252 -0.426875 -0.904165 0.370400 -0.997208 0.058996 -0.045777 -0.004800 0.000000 0.000000 0.000000 1.000000
0.074517 0.900956 -0.427465 0.203000 0.015897 -0.429675 -0.902844 0.370400 -0.997093 0.060482 -0.046341 -0.004800 0.000000 0.000000 0.000000 1.000000
0.075287 0.900084 -0.429164 0.203000 0.015680 -0.431401 -0.902024 0.370400 -0.997039 0.061182 -0.046592 -0.004800 0.000000 0.000000 0.000000 1.000000
0.068781 0.901805 -0.426634 0.203000 0.016159 -0.428598 -0.903351 0.370400 -0.997501 0.055239 -0.044052 -0.004800 0.000000 0.000000 0.000000 1.000000
0.052786 0.906579 -0.418722 0.203000 0.017374 -0.420077 -0.907322 0.370400 -0.998455 0.040619 -0.037925 -0.004800 0.000000 0.000000 0.000000 1.000000
0.027696 0.913007 -0.407004 0.203000 0.018776 -0.407563 -0.912984 0.370400 -0.999440 0.017644 -0.028430 -0.004800 0.000000 0.000000 0.000000 1.000000
-0.004280 0.918486 -0.395430 0.203000 0.019722 -0.395279 -0.918349 0.370400 -0.999796 -0.011729 -0.016423 -0.004800 0.000000 0.000000 0.000000 1.000000</float_array><technique_common><accessor source="#mixamorig_LeftShoulder-Matrix-animation-output-transform-array" count="22" stride="16"><param type="float4x4"/></accessor></technique_common></source><source id="mixamorig_LeftShoulder-Interpolations"><Name_array id="mixamorig_LeftShoulder-Interpolations-array" count="22">
 LINEAR LINEAR LINEAR LINEAR LINEAR LINEAR LINEAR LINEAR LINEAR LINEAR LINEAR
LINEAR LINEAR LINEAR LINEAR LINEAR LINEAR LINEAR LINEAR LINEAR LINEAR LINEAR</Name_array><technique_common><accessor source="#mixamorig_LeftShoulder-Interpolations-array" count="22"><param type="name"/></accessor></technique_common></source><sampler id="mixamorig_LeftShoulder-Matrix-animation-transform"><input semantic="INPUT" source="#mixamorig_LeftShoulder-Matrix-animation-input"/><input semantic="OUTPUT" source="#mixamorig_LeftShoulder-Matrix-animation-output-transform"/><input semantic="INTERPOLATION" source="#mixamorig_LeftShoulder-Interpolations"/></sampler><channel source="#mixamorig_LeftShoulder-Matrix-animation-transform" target="mixamorig_LeftShoulder/matrix"/></animation>
    <animation id="mixamorig_LeftArm-anim" name="mixamorig_LeftArm"><source id="mixamorig_LeftArm-Matrix-animation-input"><float_array id="mixamorig_LeftArm-Matrix-animation-input-array" count="22">

0.000000 0.033333 0.066667 0.100000 0.133333 0.166667 0.200000 0.233333 0.266667 0.300000 0.333333 0.366667 0.400000 0.433333 0.466667 0.500000
0.533333 0.566667 0.600000 0.633333 0.666667 0.700000</float_array><technique_common><accessor source="#mixamorig_LeftArm-Matrix-animation-input-array" count="22"><param name="TIME" type="float"/></accessor></technique_common></source><source id="mixamorig_LeftArm-Matrix-animation-output-transform"><float_array id="mixamorig_LeftArm-Matrix-animation-output-transform-array" count="352">

0.863240 0.488333 -0.127858 -0.000000 -0.408076 0.525993 -0.746194 0.444700 -0.297139 0.696320 0.653335 0.000000 0.000000 0.000000 0.000000 1.000000
0.841429 0.527905 -0.115382 -0.000000 -0.442924 0.551476 -0.706889 0.444700 -0.309540 0.645903 0.697850 -0.000000 0.000000 0.000000 0.000000 1.000000
0.829828 0.553380 -0.071810 0.000000 -0.454546 0.595685 -0.662229 0.444700 -0.323688 0.582177 0.745853 -0.000000 0.000000 0.000000 0.000000 1.000000
0.824506 0.565646 -0.015307 0.000000 -0.453141 0.643831 -0.616559 0.444700 -0.338899 0.515293 0.787160 0.000000 0.000000 0.000000 0.000000 1.000000
0.822521 0.567653 0.035061 0.000000 -0.446336 0.682484 -0.578791 0.444700 -0.352481 0.460418 0.814722 0.000000 0.000000 0.000000 0.000000 1.000000
0.830055 0.554051 0.063532 -0.000000 -0.432088 0.710957 -0.554833 0.444700 -0.352574 0.433091 0.829532 0.000000 0.000000 0.000000 0.000000 1.000000
0.860057 0.506274 0.063156 -0.000000 -0.396183 0.740718 -0.542564 0.444700 -0.321467 0.441615 0.837637 0.000000 0.000000 0.000000 0.000000 1.000000
0.912688 0.407090 0.035764 0.000000 -0.324191 0.774544 -0.543121 0.444700 -0.248800 0.484106 0.838892 0.000000 0.000000 0.000000 0.000000 1.000000
0.964518 0.263926 -0.006907 -0.000000 -0.220993 0.792750 -0.568076 0.444700 -0.144455 0.549446 0.822947 0.000000 0.000000 0.000000 0.000000 1.000000
0.990461 0.129865 -0.046075 -0.000000 -0.130472 0.776260 -0.616764 0.444700 -0.044330 0.616892 0.785799 0.000000 0.000000 0.000000 0.000000 1.000000
0.997448 0.006712 -0.071078 0.000000 -0.052692 0.740972 -0.669465 0.444700 0.048174 0.671502 0.739435 0.000000 0.000000 0.000000 0.000000 1.000000
0.993946 -0.051106 -0.097258 -0.000000 -0.031329 0.716636 -0.696744 0.444700 0.105307 0.695573 0.710696 0.000000 0.000000 0.000000 0.000000 1.000000
0.988547 -0.068618 -0.134408 -0.000000 -0.044452 0.718730 -0.693867 0.444700 0.144215 0.691895 0.707449 0.000000 0.000000 0.000000 0.000000 1.000000
0.982065 -0.064237 -0.177263 0.000000 -0.072788 0.738118 -0.670734 0.444700 0.173927 0.671607 0.720204 0.000000 0.000000 0.000000 0.000000 1.000000
0.975975 -0.050034 -0.212060 0.000000 -0.101394 0.757171 -0.645300 0.444700 0.192852 0.651298 0.733907 0.000000 0.000000 0.000000 0.000000 1.000000
0.973548 -0.020703 -0.227541 0.000000 -0.131488 0.763678 -0.632065 0.444700 0.186854 0.645265 0.740756 0.000000 0.000000 0.000000 0.000000 1.000000
0.975868 0.046806 -0.213288 0.000000 -0.175427 0.749684 -0.638122 0.444700 0.130031 0.660139 0.739803 -0.000000 0.000000 0.000000 0.000000 1.000000
0.973368 0.125922 -0.191566 -0.000000 -0.222163 0.724255 -0.652762 0.444700 0.056545 0.677937 0.732942 0.000000 0.000000 0.000000 0.000000 1.000000
0.962400 0.223584 -0.154258 0.000000 -0.267478 0.681078 -0.681607 0.444700 -0.047335 0.697240 0.715274 -0.000000 0.000000 0.000000 0.000000 1.000000
0.941044 0.315727 -0.121464 -0.000000 -0.304115 0.632319 -0.712522 0.444700 -0.148159 0.707453 0.691057 0.000000 0.000000 0.000000 0.000000 1.000000
0.909159 0.402135 -0.108246 0.000000 -0.344936 0.581513 -0.736791 0.444700 -0.233343 0.707199 0.667399 0.000000 0.000000 0.000000 0.000000 1.000000
0.863240 0.488333 -0.127858 -0.000000 -0.408076 0.525993 -0.746194 0.444700 -0.297139 0.696320 0.653335 0.000000 0.000000 0.000000 0.000000 1.000000</float_array><technique_common><accessor source="#mixamorig_LeftArm-Matrix-animation-output-transform-array" count="22" stride="16"><param type="float4x4"/></accessor></technique_common></source><source id="mixamorig_LeftArm-Interpolations"><Name_array id="mixamorig_LeftArm-Interpolations-array" count="22">
 LINEAR LINEAR LINEAR LINEAR LINEAR LINEAR LINEAR LINEAR LINEAR LINEAR LINEAR
